72.64
27.60
43.88
50.22
44.80
34.71
77.93
34.91
100.40
35.47
70.28
114.82
18.28
31.84
34.24
50.30
31.75
9.70
10.80
70.81
31.40
15.02
33.58
67.18
94.41
29.51
32.18
15.16
46.06
26.58
45.96
52.06
61.41
26.99
47.11
15.51
24.72
23.92
10.95
37.27
40.57
30.55
53.47
25.45
18.46
45.44
24.39
75.34
29.50
50.80
42.99
24.73
80.47
50.47
38.28
42.03
51.40
38.28
8.19
42.20
30.46
40.15
48.96
73.69
25.44
70.19
43.29
61.51
58.00
52.48
21.72
34.98
49.99
22.72
27.90
48.94
53.74
46.15
23.50
21.12
77.97
41.64
38.25
34.45
20.14
49.70
32.83
33.40
58.36
55.20
73.41
28.84
50.66
73.37
21.00
23.80
20.78
17.64
38.09
50.73
66.72
61.71
22.16
92.23
26.22
38.58
29.63
34.43
40.21
38.85
36.14
38.63
28.71
28.44
15.95
30.23
28.32
141.31
18.52
39.20
17.34
17.55
38.95
22.24
36.56
29.54
26.93
13.30
19.84
40.04
48.61
28.60
36.60
64.16
75.18
21.15
34.51
66.74
28.94
35.65
35.06
23.48
29.30
36.06
29.76
63.86
28.77
29.47
51.85
21.58
35.86
16.85
65.60
31.92
28.96
19.71
36.46
24.53
28.03
69.67
33.52
21.42
39.71
30.53
49.16
74.90
22.28
45.94
38.19
57.27
32.63
55.61
15.29
85.18
56.40
33.94
17.73
50.48
46.60
36.48
39.48
27.33
44.01
42.41
31.83
18.76
51.95
48.28
24.09
16.49
40.55
30.80
41.53
19.16
22.66
62.98
44.79
49.07
90.71
39.03
